Bin   #(%) accepted   #(%) rejected    # F2    # F3    # F4    # F5    # F6    # F7    # F8
  1       1(  2.0)       49( 98.0)       0       0       0       0       0       0       0
  2       0(  0.0)       50(100.0)       0       0       0       0       0       0       0
  3       1(  4.0)       24( 96.0)       0       0       0       0       0       0       0
  4       0(  0.0)       25(100.0)       0       0       0       0       0       0       0
  5       0(  0.0)       25(100.0)       0       0       0       0       0       0       0
  6       1(  4.0)       24( 96.0)       0       0       0       0       0       0       0
  7       0(  0.0)       50(100.0)       0       0       0       0       0       0       0
  8       1(  2.0)       49( 98.0)       0       0       0       0       0       0       0
____________________________________________________________________________________________________
Total     4(  1.3)      296( 98.7)       0       0       0       0       0       0       0

