Bin   #(%) accepted   #(%) rejected    # F2    # F3    # F4    # F5    # F6    # F7    # F8
  1      51(100.0)        0(  0.0)       0       0       0       0       0       0       0
  2      51(100.0)        0(  0.0)       0       0       0       0       0       0       0
  3      26(100.0)        0(  0.0)       0       0       0       0       0       0       0
  4      27(100.0)        0(  0.0)       0       0       0       0       0       0       0
  5      25( 96.2)        1(  3.8)       0       0       0       0       0       0       0
  6      25(100.0)        0(  0.0)       0       0       0       0       0       0       0
  7      50(100.0)        0(  0.0)       0       0       0       0       0       0       0
  8      51(100.0)        0(  0.0)       0       0       0       0       0       0       0
____________________________________________________________________________________________________
Total   306( 99.7)        1(  0.3)       0       0       0       0       0       0       0

