Bin   #(%) accepted   #(%) rejected    # F2    # F3    # F4    # F5    # F6    # F7    # F8
  1      49( 98.0)        1(  2.0)       0       0       0       0       0       0       0
  2      48( 96.0)        2(  4.0)       0       0       0       0       0       0       0
  3      25(100.0)        0(  0.0)       0       0       0       0       0       0       0
  4      24( 96.0)        1(  4.0)       0       0       0       0       0       0       0
  5      25(100.0)        0(  0.0)       0       0       0       0       0       0       0
  6      23( 92.0)        2(  8.0)       0       0       0       0       0       0       0
  7      47( 94.0)        3(  6.0)       0       0       0       0       0       0       0
  8      48( 96.0)        2(  4.0)       0       0       0       0       0       0       0
  9      24(100.0)        0(  0.0)       0       0       0       0       0       0       0
 10      25( 96.2)        1(  3.8)       0       0       0       0       0       0       0
 11      25( 96.2)        1(  3.8)       0       0       0       0       0       0       0
 12      23( 95.8)        1(  4.2)       0       0       0       0       0       0       0
____________________________________________________________________________________________________
Total   386( 96.5)       14(  3.5)       0       0       0       0       0       0       0

