Bin   #(%) accepted   #(%) rejected    # F2    # F3    # F4    # F5    # F6    # F7    # F8
  1      50(100.0)        0(  0.0)       0       0       0       0       0       0       0
  2      50(100.0)        0(  0.0)       0       0       0       0       0       0       0
  3       8(100.0)        0(  0.0)       0       0       0       0       0       0       0
  4      17(100.0)        0(  0.0)       0       0       0       0       0       0       0
  5       6(100.0)        0(  0.0)       0       0       0       0       0       0       0
  6      19(100.0)        0(  0.0)       0       0       0       0       0       0       0
  7      50(100.0)        0(  0.0)       0       0       0       0       0       0       0
  8      49( 98.0)        1(  2.0)       0       0       0       0       0       0       0
  9      24(100.0)        0(  0.0)       0       0       0       0       0       0       0
 10      26(100.0)        0(  0.0)       0       0       0       0       0       0       0
 11      26(100.0)        0(  0.0)       0       0       0       0       0       0       0
 12      24(100.0)        0(  0.0)       0       0       0       0       0       0       0
 13      19(100.0)        0(  0.0)       0       0       0       0       0       0       0
 14       6(100.0)        0(  0.0)       0       0       0       0       0       0       0
 15      18(100.0)        0(  0.0)       0       0       0       0       0       0       0
 16       7(100.0)        0(  0.0)       0       0       0       0       0       0       0
____________________________________________________________________________________________________
Total   399( 99.8)        1(  0.2)       0       0       0       0       0       0       0

