Bin   #(%) accepted   #(%) rejected    # F2    # F3    # F4    # F5    # F6    # F7    # F8
  1      49( 98.0)        1(  2.0)       0       0       0       0       0       0       0
  2      49( 98.0)        1(  2.0)       0       0       0       0       0       0       0
  3      25(100.0)        0(  0.0)       0       0       0       0       0       0       0
  4      25(100.0)        0(  0.0)       0       0       0       0       0       0       0
  5      25(100.0)        0(  0.0)       0       0       0       0       0       0       0
  6      25(100.0)        0(  0.0)       0       0       0       0       0       0       0
  7      50(100.0)        0(  0.0)       0       0       0       0       0       0       0
  8      47( 94.0)        3(  6.0)       0       0       0       0       0       0       0
____________________________________________________________________________________________________
Total   295( 98.3)        5(  1.7)       0       0       0       0       0       0       0

