Bin   #(%) accepted   #(%) rejected    # F2    # F3    # F4    # F5    # F6    # F7    # F8
  1      43( 86.0)        7( 14.0)       0       0       0       0       0       0       0
  2      44( 88.0)        6( 12.0)       0       0       0       0       0       0       0
  3      24( 92.3)        2(  7.7)       0       0       0       0       0       0       0
  4      24( 85.7)        4( 14.3)       0       0       0       0       0       0       0
  5      22( 91.7)        2(  8.3)       0       0       0       0       0       0       0
  6      26( 92.9)        2(  7.1)       0       0       0       0       0       0       0
  7      45( 90.0)        5( 10.0)       0       0       0       0       0       0       0
  8      51( 91.1)        5(  8.9)       0       0       0       0       0       0       0
  9      20( 87.0)        3( 13.0)       0       0       0       0       0       0       0
 10      20( 83.3)        4( 16.7)       0       0       0       0       0       0       0
 11      21( 84.0)        4( 16.0)       0       0       0       0       0       0       0
 12      20( 90.9)        2(  9.1)       0       0       0       0       0       0       0
____________________________________________________________________________________________________
Total   360( 88.7)       46( 11.3)       0       0       0       0       0       0       0

