Bin   #(%) accepted   #(%) rejected    # F2    # F3    # F4    # F5    # F6    # F7    # F8
  1      36(100.0)        0(  0.0)       0       0       0       0       0       0       0
  2      38(100.0)        0(  0.0)       0       0       0       0       0       0       0
  3      22(100.0)        0(  0.0)       0       0       0       0       0       0       0
  4      18(100.0)        0(  0.0)       0       0       0       0       0       0       0
  5      17( 94.4)        1(  5.6)       0       0       0       0       0       0       0
  6      20(100.0)        0(  0.0)       0       0       0       0       0       0       0
  7      36(100.0)        0(  0.0)       0       0       0       0       0       0       0
  8      38(100.0)        0(  0.0)       0       0       0       0       0       0       0
  9      18(100.0)        0(  0.0)       0       0       0       0       0       0       0
 10      18(100.0)        0(  0.0)       0       0       0       0       0       0       0
 11      22(100.0)        0(  0.0)       0       0       0       0       0       0       0
 12      16(100.0)        0(  0.0)       0       0       0       0       0       0       0
____________________________________________________________________________________________________
Total   299( 99.7)        1(  0.3)       0       0       0       0       0       0       0

