Bin   #(%) accepted   #(%) rejected    # F2    # F3    # F4    # F5    # F6    # F7    # F8
  1      48(100.0)        0(  0.0)       0       0       0       0       0       0       0
  2      48(100.0)        0(  0.0)       0       0       0       0       0       0       0
  3       6(100.0)        0(  0.0)       0       0       0       0       0       0       0
  4      18(100.0)        0(  0.0)       0       0       0       0       0       0       0
  5       8(100.0)        0(  0.0)       0       0       0       0       0       0       0
  6      17(100.0)        0(  0.0)       0       0       0       0       0       0       0
  7      50(100.0)        0(  0.0)       0       0       0       0       0       0       0
  8      50(100.0)        0(  0.0)       0       0       0       0       0       0       0
  9      23(100.0)        0(  0.0)       0       0       0       0       0       0       0
 10      25(100.0)        0(  0.0)       0       0       0       0       0       0       0
 11      26(100.0)        0(  0.0)       0       0       0       0       0       0       0
 12      22(100.0)        0(  0.0)       0       0       0       0       0       0       0
 13      17(100.0)        0(  0.0)       0       0       0       0       0       0       0
 14       7(100.0)        0(  0.0)       0       0       0       0       0       0       0
 15      19(100.0)        0(  0.0)       0       0       0       0       0       0       0
 16       6(100.0)        0(  0.0)       0       0       0       0       0       0       0
____________________________________________________________________________________________________
Total   390(100.0)        0(  0.0)       0       0       0       0       0       0       0

