Bin   #(%) accepted   #(%) rejected    # F2    # F3    # F4    # F5    # F6    # F7    # F8
  1      42( 84.0)        8( 16.0)       0       0       0       0       0       0       0
  2      44( 88.0)        6( 12.0)       0       0       0       0       0       0       0
  3      24( 96.0)        1(  4.0)       0       0       0       0       0       0       0
  4      19( 76.0)        6( 24.0)       0       0       0       0       0       0       0
  5      20( 80.0)        5( 20.0)       0       0       0       0       0       0       0
  6      20( 80.0)        5( 20.0)       0       0       0       0       0       0       0
  7      42( 84.0)        8( 16.0)       0       0       0       0       0       0       0
  8      43( 86.0)        7( 14.0)       0       0       0       0       0       0       0
____________________________________________________________________________________________________
Total   254( 84.7)       46( 15.3)       0       0       0       0       0       0       0

