Bin   #(%) accepted   #(%) rejected    # F2    # F3    # F4    # F5    # F6    # F7    # F8
  1      41( 82.0)        9( 18.0)       0       0       0       0       0       0       0
  2      44( 88.0)        6( 12.0)       0       0       0       0       0       0       0
  3      23( 88.5)        3( 11.5)       0       0       0       0       0       0       0
  4      25( 89.3)        3( 10.7)       0       0       0       0       0       0       0
  5      23( 95.8)        1(  4.2)       0       0       0       0       0       0       0
  6      26( 92.9)        2(  7.1)       0       0       0       0       0       0       0
  7      43( 86.0)        7( 14.0)       0       0       0       0       0       0       0
  8      54( 96.4)        2(  3.6)       0       0       0       0       0       0       0
____________________________________________________________________________________________________
Total   279( 89.4)       33( 10.6)       0       0       0       0       0       0       0

