Bin   #(%) accepted   #(%) rejected    # F2    # F3    # F4    # F5    # F6    # F7    # F8
  1      47( 94.0)        3(  6.0)       0       0       0       0       0       0       0
  2      45( 90.0)        5( 10.0)       0       0       0       0       0       0       0
  3      25(100.0)        0(  0.0)       0       0       0       0       0       0       0
  4      23( 92.0)        2(  8.0)       0       0       0       0       0       0       0
  5      23( 92.0)        2(  8.0)       0       0       0       0       0       0       0
  6      25(100.0)        0(  0.0)       0       0       0       0       0       0       0
  7      46( 92.0)        4(  8.0)       0       0       0       0       0       0       0
  8      49( 98.0)        1(  2.0)       0       0       0       0       0       0       0
____________________________________________________________________________________________________
Total   283( 94.3)       17(  5.7)       0       0       0       0       0       0       0

