Bin   #(%) accepted   #(%) rejected    # F2    # F3    # F4    # F5    # F6    # F7    # F8
  1      50(100.0)        0(  0.0)       0       0       0       0       0       0       0
  2      50(100.0)        0(  0.0)       0       0       0       0       0       0       0
  3      25(100.0)        0(  0.0)       0       0       0       0       0       0       0
  4      25(100.0)        0(  0.0)       0       0       0       0       0       0       0
  5      25(100.0)        0(  0.0)       0       0       0       0       0       0       0
  6      25(100.0)        0(  0.0)       0       0       0       0       0       0       0
  7      49( 98.0)        1(  2.0)       0       0       0       0       0       0       0
  8      50(100.0)        0(  0.0)       0       0       0       0       0       0       0
  9      24(100.0)        0(  0.0)       0       0       0       0       0       0       0
 10      26(100.0)        0(  0.0)       0       0       0       0       0       0       0
 11      26(100.0)        0(  0.0)       0       0       0       0       0       0       0
 12      24(100.0)        0(  0.0)       0       0       0       0       0       0       0
____________________________________________________________________________________________________
Total   399( 99.8)        1(  0.2)       0       0       0       0       0       0       0

