Bin   #(%) accepted   #(%) rejected    # F2    # F3    # F4    # F5    # F6    # F7    # F8
  1      43( 86.0)        7( 14.0)       0       0       0       0       0       0       0
  2      45( 90.0)        5( 10.0)       0       0       0       0       0       0       0
  3       4( 80.0)        1( 20.0)       0       0       0       0       0       0       0
  4      15( 93.8)        1(  6.2)       0       0       0       0       0       0       0
  5       6(100.0)        0(  0.0)       0       0       0       0       0       0       0
  6      15( 88.2)        2( 11.8)       0       0       0       0       0       0       0
  7      46( 92.0)        4(  8.0)       0       0       0       0       0       0       0
  8      51( 91.1)        5(  8.9)       0       0       0       0       0       0       0
  9      20( 87.0)        3( 13.0)       0       0       0       0       0       0       0
 10      20( 83.3)        4( 16.7)       0       0       0       0       0       0       0
 11      22( 88.0)        3( 12.0)       0       0       0       0       0       0       0
 12      20( 90.9)        2(  9.1)       0       0       0       0       0       0       0
 13      17( 89.5)        2( 10.5)       0       0       0       0       0       0       0
 14       6(100.0)        0(  0.0)       0       0       0       0       0       0       0
 15      16( 88.9)        2( 11.1)       0       0       0       0       0       0       0
 16       6( 85.7)        1( 14.3)       0       0       0       0       0       0       0
____________________________________________________________________________________________________
Total   352( 89.3)       42( 10.7)       0       0       0       0       0       0       0

