Bin   #(%) accepted   #(%) rejected    # F2    # F3    # F4    # F5    # F6    # F7    # F8
  1      50(100.0)        0(  0.0)       0       0       0       0       0       0       0
  2      46( 92.0)        4(  8.0)       0       0       0       0       0       0       0
  3       6(100.0)        0(  0.0)       0       0       0       0       0       0       0
  4      19(100.0)        0(  0.0)       0       0       0       0       0       0       0
  5       8(100.0)        0(  0.0)       0       0       0       0       0       0       0
  6      17(100.0)        0(  0.0)       0       0       0       0       0       0       0
  7      50(100.0)        0(  0.0)       0       0       0       0       0       0       0
  8      50(100.0)        0(  0.0)       0       0       0       0       0       0       0
  9      24(100.0)        0(  0.0)       0       0       0       0       0       0       0
 10      26(100.0)        0(  0.0)       0       0       0       0       0       0       0
 11      25( 96.2)        1(  3.8)       0       0       0       0       0       0       0
 12      21( 87.5)        3( 12.5)       0       0       0       0       0       0       0
 13      17( 94.4)        1(  5.6)       0       0       0       0       0       0       0
 14       7(100.0)        0(  0.0)       0       0       0       0       0       0       0
 15      19(100.0)        0(  0.0)       0       0       0       0       0       0       0
 16       5( 83.3)        1( 16.7)       0       0       0       0       0       0       0
____________________________________________________________________________________________________
Total   390( 97.5)       10(  2.5)       0       0       0       0       0       0       0

