Bin   #(%) accepted   #(%) rejected    # F2    # F3    # F4    # F5    # F6    # F7    # F8
  1      50(100.0)        0(  0.0)       0       0       0       0       0       0       0
  2      50(100.0)        0(  0.0)       0       0       0       0       0       0       0
  3      25(100.0)        0(  0.0)       0       0       0       0       0       0       0
  4      25(100.0)        0(  0.0)       0       0       0       0       0       0       0
  5      25(100.0)        0(  0.0)       0       0       0       0       0       0       0
  6      25(100.0)        0(  0.0)       0       0       0       0       0       0       0
  7      48( 96.0)        2(  4.0)       0       0       0       0       0       0       0
  8      49( 98.0)        1(  2.0)       0       0       0       0       0       0       0
____________________________________________________________________________________________________
Total   297( 99.0)        3(  1.0)       0       0       0       0       0       0       0

