Bin   #(%) accepted   #(%) rejected    # F2    # F3    # F4    # F5    # F6    # F7    # F8
  1      50(100.0)        0(  0.0)       0       0       0       0       0       0       0
  2      50(100.0)        0(  0.0)       0       0       0       0       0       0       0
  3      25(100.0)        0(  0.0)       0       0       0       0       0       0       0
  4      25(100.0)        0(  0.0)       0       0       0       0       0       0       0
  5      25(100.0)        0(  0.0)       0       0       0       0       0       0       0
  6      24( 96.0)        1(  4.0)       0       0       0       0       0       0       0
  7      49( 98.0)        1(  2.0)       0       0       0       0       0       0       0
  8      49( 98.0)        1(  2.0)       0       0       0       0       0       0       0
  9      24(100.0)        0(  0.0)       0       0       0       0       0       0       0
 10      26(100.0)        0(  0.0)       0       0       0       0       0       0       0
 11      26(100.0)        0(  0.0)       0       0       0       0       0       0       0
 12      24(100.0)        0(  0.0)       0       0       0       0       0       0       0
____________________________________________________________________________________________________
Total   397( 99.2)        3(  0.8)       0       0       0       0       0       0       0

