Bin   #(%) accepted   #(%) rejected    # F2    # F3    # F4    # F5    # F6    # F7    # F8
  1      42( 84.0)        8( 16.0)       0       0       0       0       0       0       0
  2      44( 88.0)        6( 12.0)       0       0       0       0       0       0       0
  3      20( 83.3)        4( 16.7)       0       0       0       0       0       0       0
  4      26( 92.9)        2(  7.1)       0       0       0       0       0       0       0
  5      24( 92.3)        2(  7.7)       0       0       0       0       0       0       0
  6      24( 85.7)        4( 14.3)       0       0       0       0       0       0       0
  7      44( 88.0)        6( 12.0)       0       0       0       0       0       0       0
  8      50( 89.3)        6( 10.7)       0       0       0       0       0       0       0
  9      20( 87.0)        3( 13.0)       0       0       0       0       0       0       0
 10      19( 79.2)        5( 20.8)       0       0       0       0       0       0       0
 11      21( 84.0)        4( 16.0)       0       0       0       0       0       0       0
 12      20( 90.9)        2(  9.1)       0       0       0       0       0       0       0
____________________________________________________________________________________________________
Total   354( 87.2)       52( 12.8)       0       0       0       0       0       0       0

