Bin   #(%) accepted   #(%) rejected    # F2    # F3    # F4    # F5    # F6    # F7    # F8
  1      48( 96.0)        2(  4.0)       0       0       0       0       0       0       0
  2      50(100.0)        0(  0.0)       0       0       0       0       0       0       0
  3       5( 83.3)        1( 16.7)       0       0       0       0       0       0       0
  4      19(100.0)        0(  0.0)       0       0       0       0       0       0       0
  5       8(100.0)        0(  0.0)       0       0       0       0       0       0       0
  6      17(100.0)        0(  0.0)       0       0       0       0       0       0       0
  7      50(100.0)        0(  0.0)       0       0       0       0       0       0       0
  8      49( 98.0)        1(  2.0)       0       0       0       0       0       0       0
  9      23( 95.8)        1(  4.2)       0       0       0       0       0       0       0
 10      25( 96.2)        1(  3.8)       0       0       0       0       0       0       0
 11      26(100.0)        0(  0.0)       0       0       0       0       0       0       0
 12      24(100.0)        0(  0.0)       0       0       0       0       0       0       0
 13      18(100.0)        0(  0.0)       0       0       0       0       0       0       0
 14       7(100.0)        0(  0.0)       0       0       0       0       0       0       0
 15      19(100.0)        0(  0.0)       0       0       0       0       0       0       0
 16       6(100.0)        0(  0.0)       0       0       0       0       0       0       0
____________________________________________________________________________________________________
Total   394( 98.5)        6(  1.5)       0       0       0       0       0       0       0

