Bin   #(%) accepted   #(%) rejected    # F2    # F3    # F4    # F5    # F6    # F7    # F8
  1      42( 84.0)        8( 16.0)       0       0       0       0       0       0       0
  2      49( 98.0)        1(  2.0)       0       0       0       0       0       0       0
  3      25(100.0)        0(  0.0)       0       0       0       0       0       0       0
  4      23( 92.0)        2(  8.0)       0       0       0       0       0       0       0
  5      23( 92.0)        2(  8.0)       0       0       0       0       0       0       0
  6      25(100.0)        0(  0.0)       0       0       0       0       0       0       0
  7      49( 98.0)        1(  2.0)       0       0       0       0       0       0       0
  8      48( 96.0)        2(  4.0)       0       0       0       0       0       0       0
____________________________________________________________________________________________________
Total   284( 94.7)       16(  5.3)       0       0       0       0       0       0       0

