Bin   #(%) accepted   #(%) rejected    # F2    # F3    # F4    # F5    # F6    # F7    # F8
  1      50(100.0)        0(  0.0)       0       0       0       0       0       0       0
  2      50(100.0)        0(  0.0)       0       0       0       0       0       0       0
  3      24( 96.0)        1(  4.0)       0       0       0       0       0       0       0
  4      24( 96.0)        1(  4.0)       0       0       0       0       0       0       0
  5      25(100.0)        0(  0.0)       0       0       0       0       0       0       0
  6      25(100.0)        0(  0.0)       0       0       0       0       0       0       0
  7      50(100.0)        0(  0.0)       0       0       0       0       0       0       0
  8      48( 96.0)        2(  4.0)       0       0       0       0       0       0       0
____________________________________________________________________________________________________
Total   296( 98.7)        4(  1.3)       0       0       0       0       0       0       0

