Bin   #(%) accepted   #(%) rejected    # F2    # F3    # F4    # F5    # F6    # F7    # F8
  1      31(100.0)        0(  0.0)       0       0       0       0       0       0       0
  2      23(100.0)        0(  0.0)       0       0       0       0       0       0       0
  3       2(100.0)        0(  0.0)       0       0       0       0       0       0       0
  4      11(100.0)        0(  0.0)       0       0       0       0       0       0       0
  5       4(100.0)        0(  0.0)       0       0       0       0       0       0       0
  6       5(100.0)        0(  0.0)       0       0       0       0       0       0       0
  7      26(100.0)        0(  0.0)       0       0       0       0       0       0       0
  8      22(100.0)        0(  0.0)       0       0       0       0       0       0       0
  9      15(100.0)        0(  0.0)       0       0       0       0       0       0       0
 10      16(100.0)        0(  0.0)       0       0       0       0       0       0       0
 11      12(100.0)        0(  0.0)       0       0       0       0       0       0       0
 12      11(100.0)        0(  0.0)       0       0       0       0       0       0       0
 13      10(100.0)        0(  0.0)       0       0       0       0       0       0       0
 14       2(100.0)        0(  0.0)       0       0       0       0       0       0       0
 15       9(100.0)        0(  0.0)       0       0       0       0       0       0       0
 16       5(100.0)        0(  0.0)       0       0       0       0       0       0       0
____________________________________________________________________________________________________
Total   204(100.0)        0(  0.0)       0       0       0       0       0       0       0

