Bin   #(%) accepted   #(%) rejected    # F2    # F3    # F4    # F5    # F6    # F7    # F8
  1      36(100.0)        0(  0.0)       0       0       0       0       0       0       0
  2      38(100.0)        0(  0.0)       0       0       0       0       0       0       0
  3      17( 94.4)        1(  5.6)       0       0       0       0       0       0       0
  4      20(100.0)        0(  0.0)       0       0       0       0       0       0       0
  5      22(100.0)        0(  0.0)       0       0       0       0       0       0       0
  6      18(100.0)        0(  0.0)       0       0       0       0       0       0       0
  7      36(100.0)        0(  0.0)       0       0       0       0       0       0       0
  8      38(100.0)        0(  0.0)       0       0       0       0       0       0       0
____________________________________________________________________________________________________
Total   225( 99.6)        1(  0.4)       0       0       0       0       0       0       0

