Bin   #(%) accepted   #(%) rejected    # F2    # F3    # F4    # F5    # F6    # F7    # F8
  1      49( 98.0)        1(  2.0)       0       0       0       0       0       0       0
  2      50(100.0)        0(  0.0)       0       0       0       0       0       0       0
  3       6(100.0)        0(  0.0)       0       0       0       0       0       0       0
  4      18( 94.7)        1(  5.3)       0       0       0       0       0       0       0
  5       8(100.0)        0(  0.0)       0       0       0       0       0       0       0
  6      17(100.0)        0(  0.0)       0       0       0       0       0       0       0
  7      50(100.0)        0(  0.0)       0       0       0       0       0       0       0
  8      50(100.0)        0(  0.0)       0       0       0       0       0       0       0
  9      24(100.0)        0(  0.0)       0       0       0       0       0       0       0
 10      25( 96.2)        1(  3.8)       0       0       0       0       0       0       0
 11      26(100.0)        0(  0.0)       0       0       0       0       0       0       0
 12      24(100.0)        0(  0.0)       0       0       0       0       0       0       0
 13      18(100.0)        0(  0.0)       0       0       0       0       0       0       0
 14       7(100.0)        0(  0.0)       0       0       0       0       0       0       0
 15      19(100.0)        0(  0.0)       0       0       0       0       0       0       0
 16       6(100.0)        0(  0.0)       0       0       0       0       0       0       0
____________________________________________________________________________________________________
Total   397( 99.2)        3(  0.8)       0       0       0       0       0       0       0

