Bin   #(%) accepted   #(%) rejected    # F2    # F3    # F4    # F5    # F6    # F7    # F8
  1      48( 96.0)        2(  4.0)       0       0       0       0       0       0       0
  2      48( 96.0)        2(  4.0)       0       0       0       0       0       0       0
  3       8(100.0)        0(  0.0)       0       0       0       0       0       0       0
  4      17(100.0)        0(  0.0)       0       0       0       0       0       0       0
  5       5( 83.3)        1( 16.7)       0       0       0       0       0       0       0
  6      18( 94.7)        1(  5.3)       0       0       0       0       0       0       0
  7      47( 94.0)        3(  6.0)       0       0       0       0       0       0       0
  8      46( 92.0)        4(  8.0)       0       0       0       0       0       0       0
  9      24(100.0)        0(  0.0)       0       0       0       0       0       0       0
 10      24( 92.3)        2(  7.7)       0       0       0       0       0       0       0
 11      24( 92.3)        2(  7.7)       0       0       0       0       0       0       0
 12      24(100.0)        0(  0.0)       0       0       0       0       0       0       0
 13      19(100.0)        0(  0.0)       0       0       0       0       0       0       0
 14       6(100.0)        0(  0.0)       0       0       0       0       0       0       0
 15      18(100.0)        0(  0.0)       0       0       0       0       0       0       0
 16       7(100.0)        0(  0.0)       0       0       0       0       0       0       0
____________________________________________________________________________________________________
Total   383( 95.8)       17(  4.2)       0       0       0       0       0       0       0

