Bin   #(%) accepted   #(%) rejected    # F2    # F3    # F4    # F5    # F6    # F7    # F8
  1      42( 84.0)        8( 16.0)       0       0       0       0       0       0       0
  2      49( 98.0)        1(  2.0)       0       0       0       0       0       0       0
  3       8(100.0)        0(  0.0)       0       0       0       0       0       0       0
  4      15( 88.2)        2( 11.8)       0       0       0       0       0       0       0
  5       6(100.0)        0(  0.0)       0       0       0       0       0       0       0
  6      19(100.0)        0(  0.0)       0       0       0       0       0       0       0
  7      49( 98.0)        1(  2.0)       0       0       0       0       0       0       0
  8      48( 96.0)        2(  4.0)       0       0       0       0       0       0       0
  9      19( 79.2)        5( 20.8)       0       0       0       0       0       0       0
 10      23( 88.5)        3( 11.5)       0       0       0       0       0       0       0
 11      26(100.0)        0(  0.0)       0       0       0       0       0       0       0
 12      23( 95.8)        1(  4.2)       0       0       0       0       0       0       0
 13      19(100.0)        0(  0.0)       0       0       0       0       0       0       0
 14       6(100.0)        0(  0.0)       0       0       0       0       0       0       0
 15      17( 94.4)        1(  5.6)       0       0       0       0       0       0       0
 16       6( 85.7)        1( 14.3)       0       0       0       0       0       0       0
____________________________________________________________________________________________________
Total   375( 93.8)       25(  6.2)       0       0       0       0       0       0       0

