Bin   #(%) accepted   #(%) rejected    # F2    # F3    # F4    # F5    # F6    # F7    # F8
  1       0(  0.0)       50(100.0)       0       0       0       0       0       0       0
  2       1(  2.0)       49( 98.0)       0       0       0       0       0       0       0
  3       1(  4.0)       24( 96.0)       0       0       0       0       0       0       0
  4       0(  0.0)       25(100.0)       0       0       0       0       0       0       0
  5       0(  0.0)       25(100.0)       0       0       0       0       0       0       0
  6       2(  8.0)       23( 92.0)       0       0       0       0       0       0       0
  7       0(  0.0)       50(100.0)       0       0       0       0       0       0       0
  8       1(  2.0)       49( 98.0)       0       0       0       0       0       0       0
____________________________________________________________________________________________________
Total     5(  1.7)      295( 98.3)       0       0       0       0       0       0       0

