Bin   #(%) accepted   #(%) rejected    # F2    # F3    # F4    # F5    # F6    # F7    # F8
  1      36(100.0)        0(  0.0)       0       0       0       0       0       0       0
  2      38(100.0)        0(  0.0)       0       0       0       0       0       0       0
  3       6(100.0)        0(  0.0)       0       0       0       0       0       0       0
  4      16(100.0)        0(  0.0)       0       0       0       0       0       0       0
  5       4( 80.0)        1( 20.0)       0       0       0       0       0       0       0
  6      13(100.0)        0(  0.0)       0       0       0       0       0       0       0
  7      36(100.0)        0(  0.0)       0       0       0       0       0       0       0
  8      38(100.0)        0(  0.0)       0       0       0       0       0       0       0
  9      18(100.0)        0(  0.0)       0       0       0       0       0       0       0
 10      18(100.0)        0(  0.0)       0       0       0       0       0       0       0
 11      22(100.0)        0(  0.0)       0       0       0       0       0       0       0
 12      16(100.0)        0(  0.0)       0       0       0       0       0       0       0
 13      14(100.0)        0(  0.0)       0       0       0       0       0       0       0
 14       4(100.0)        0(  0.0)       0       0       0       0       0       0       0
 15      14(100.0)        0(  0.0)       0       0       0       0       0       0       0
 16       6(100.0)        0(  0.0)       0       0       0       0       0       0       0
____________________________________________________________________________________________________
Total   299( 99.7)        1(  0.3)       0       0       0       0       0       0       0

