Bin   #(%) accepted   #(%) rejected    # F2    # F3    # F4    # F5    # F6    # F7    # F8
  1      31(100.0)        0(  0.0)       0       0       0       0       0       0       0
  2      23(100.0)        0(  0.0)       0       0       0       0       0       0       0
  3      13(100.0)        0(  0.0)       0       0       0       0       0       0       0
  4      12(100.0)        0(  0.0)       0       0       0       0       0       0       0
  5       9(100.0)        0(  0.0)       0       0       0       0       0       0       0
  6      14(100.0)        0(  0.0)       0       0       0       0       0       0       0
  7      26(100.0)        0(  0.0)       0       0       0       0       0       0       0
  8      22(100.0)        0(  0.0)       0       0       0       0       0       0       0
  9      15(100.0)        0(  0.0)       0       0       0       0       0       0       0
 10      16(100.0)        0(  0.0)       0       0       0       0       0       0       0
 11      12(100.0)        0(  0.0)       0       0       0       0       0       0       0
 12      11(100.0)        0(  0.0)       0       0       0       0       0       0       0
____________________________________________________________________________________________________
Total   204(100.0)        0(  0.0)       0       0       0       0       0       0       0

