Bin   #(%) accepted   #(%) rejected    # F2    # F3    # F4    # F5    # F6    # F7    # F8
  1      48(100.0)        0(  0.0)       0       0       0       0       0       0       0
  2      48(100.0)        0(  0.0)       0       0       0       0       0       0       0
  3      25(100.0)        0(  0.0)       0       0       0       0       0       0       0
  4      25(100.0)        0(  0.0)       0       0       0       0       0       0       0
  5      24(100.0)        0(  0.0)       0       0       0       0       0       0       0
  6      23(100.0)        0(  0.0)       0       0       0       0       0       0       0
  7      49(100.0)        0(  0.0)       0       0       0       0       0       0       0
  8      49(100.0)        0(  0.0)       0       0       0       0       0       0       0
  9      22(100.0)        0(  0.0)       0       0       0       0       0       0       0
 10      26(100.0)        0(  0.0)       0       0       0       0       0       0       0
 11      25(100.0)        0(  0.0)       0       0       0       0       0       0       0
 12      23(100.0)        0(  0.0)       0       0       0       0       0       0       0
____________________________________________________________________________________________________
Total   387(100.0)        0(  0.0)       0       0       0       0       0       0       0

