Bin   #(%) accepted   #(%) rejected    # F2    # F3    # F4    # F5    # F6    # F7    # F8
  1      42( 84.0)        8( 16.0)       0       0       0       0       0       0       0
  2      44( 88.0)        6( 12.0)       0       0       0       0       0       0       0
  3       6(100.0)        0(  0.0)       0       0       0       0       0       0       0
  4      18( 94.7)        1(  5.3)       0       0       0       0       0       0       0
  5       7( 87.5)        1( 12.5)       0       0       0       0       0       0       0
  6      13( 76.5)        4( 23.5)       0       0       0       0       0       0       0
  7      42( 84.0)        8( 16.0)       0       0       0       0       0       0       0
  8      43( 86.0)        7( 14.0)       0       0       0       0       0       0       0
  9      18( 75.0)        6( 25.0)       0       0       0       0       0       0       0
 10      24( 92.3)        2(  7.7)       0       0       0       0       0       0       0
 11      23( 88.5)        3( 11.5)       0       0       0       0       0       0       0
 12      21( 87.5)        3( 12.5)       0       0       0       0       0       0       0
 13      13( 72.2)        5( 27.8)       0       0       0       0       0       0       0
 14       6( 85.7)        1( 14.3)       0       0       0       0       0       0       0
 15      15( 78.9)        4( 21.1)       0       0       0       0       0       0       0
 16       5( 83.3)        1( 16.7)       0       0       0       0       0       0       0
____________________________________________________________________________________________________
Total   340( 85.0)       60( 15.0)       0       0       0       0       0       0       0

