Bin   #(%) accepted   #(%) rejected    # F2    # F3    # F4    # F5    # F6    # F7    # F8
  1      44( 88.0)        6( 12.0)       0       0       0       0       0       0       0
  2      48( 96.0)        2(  4.0)       0       0       0       0       0       0       0
  3      24( 96.0)        1(  4.0)       0       0       0       0       0       0       0
  4      25(100.0)        0(  0.0)       0       0       0       0       0       0       0
  5      23( 92.0)        2(  8.0)       0       0       0       0       0       0       0
  6      22( 88.0)        3( 12.0)       0       0       0       0       0       0       0
  7      46( 92.0)        4(  8.0)       0       0       0       0       0       0       0
  8      47( 94.0)        3(  6.0)       0       0       0       0       0       0       0
____________________________________________________________________________________________________
Total   279( 93.0)       21(  7.0)       0       0       0       0       0       0       0

