Bin   #(%) accepted   #(%) rejected    # F2    # F3    # F4    # F5    # F6    # F7    # F8
  1      49( 96.1)        2(  3.9)       0       0       0       0       0       0       0
  2      49( 96.1)        2(  3.9)       0       0       0       0       0       0       0
  3      26(100.0)        0(  0.0)       0       0       0       0       0       0       0
  4      26( 96.3)        1(  3.7)       0       0       0       0       0       0       0
  5      23( 88.5)        3( 11.5)       0       0       0       0       0       0       0
  6      25(100.0)        0(  0.0)       0       0       0       0       0       0       0
  7      49( 98.0)        1(  2.0)       0       0       0       0       0       0       0
  8      50( 98.0)        1(  2.0)       0       0       0       0       0       0       0
____________________________________________________________________________________________________
Total   297( 96.7)       10(  3.3)       0       0       0       0       0       0       0

