Bin   #(%) accepted   #(%) rejected    # F2    # F3    # F4    # F5    # F6    # F7    # F8
  1      51(100.0)        0(  0.0)       0       0       0       0       0       0       0
  2      51(100.0)        0(  0.0)       0       0       0       0       0       0       0
  3      25(100.0)        0(  0.0)       0       0       0       0       0       0       0
  4      25(100.0)        0(  0.0)       0       0       0       0       0       0       0
  5      25(100.0)        0(  0.0)       0       0       0       0       0       0       0
  6      25( 96.2)        1(  3.8)       0       0       0       0       0       0       0
  7      50(100.0)        0(  0.0)       0       0       0       0       0       0       0
  8      49( 98.0)        1(  2.0)       0       0       0       0       0       0       0
____________________________________________________________________________________________________
Total   301( 99.3)        2(  0.7)       0       0       0       0       0       0       0

